6770
6796e2
6817e
6833
6845e
6916e
6920k
6924e
6928e
6932e2
6963
6969
6978
6983e
6985e3
6994
6995e
7015k
7030k
7052e
7053
7057
7078
7080k
7086
7097e
7112
7113e
7119k
7121e
7142
7158
7171k2
7177e
7180
7187
7199
7201
7206
7212e
7215e
7228
7230e
7248
7255
7257
7261
7269
7271
7278
7279e
7283
7284
7300k
7307
7310
7311e2
7311k
7319e
7327
7328e
7328
7333
7335
7337k
7349
7350
7352
7356
7362e
7364
7366
7373e
7377
7391
7393
7393k
7413
7414
7420
7422
7426e
7426
7427e
7444
7445
7447
7448
7452
7455
7456e2
7457
7460e
7463
7464
7471
7481
7483
7487
7490
7491
7498
7499e
7517
7521e
7521
7527
7528
7529e
7530k2
7531e
7531
7532e
7536
7540
7542e
7543e
7544
7547
7554
7559
7562
7576
7577
7578
7580
7603
7616
7626
7629
7636e
7636
7639
7649
7650
7651
7663
7668
7671
7676
7679
7680
7683
7689
7690
7699
7700
7706
7708e
7716
7719
7726
7730
7735e
7737
7746
7747
7756
7758
7761
7768
7769
7775e
7788
7791
7799
7803
7805
7807
7808
7811
7812e
7812
7813
7814
7824
7838
7841
7863
7867
7870e
7875
7876
7882
7892
7896
7913
7914
7915
7916
7917
7922
7929
7947
7951
7953
7955e
7962
7979
7980
7986
7988
7991
7995
7996
8006
8013
8014
8015
8019
8025
8049
8053
8055
8061
8069
8089
8095
8114
8118
8141
8147
8159
8161
8164
8165
8166
8180
8184
8189
8193
8195
8205
8208
8215
8216
8228
8229
8230
8241
8246
8249
8255
8256
8259
8260
8274
8281
8303
8315